* RCK derivative values
* time_minute  dRCK_dt
43.316667  -0.00146856
43.333333  -0.00136819
43.350000  -0.00126797
43.366667  -0.00116791
43.383333  -0.00106800
43.400000  -0.00096825
43.416667  -0.00086866
43.433333  -0.00076922
43.450000  -0.00066994
43.466667  -0.00057081
43.483333  -0.00047184
43.500000  -0.00037302
43.516667  -0.00027436
43.533333  -0.00017586
43.550000  -0.00007751
43.566667  0.00002069
43.583333  0.00011872
43.600000  0.00021661
43.616667  0.00031433
43.633333  0.00041190
43.650000  0.00050932
43.666667  0.00060658
43.683333  0.00070368
43.700000  0.00080063
43.716667  0.00089742
43.733333  0.00099406
43.750000  0.00109054
43.766667  0.00118686
43.783333  0.00128303
43.800000  0.00137905
43.816667  0.00147491
43.833333  0.00157061
43.850000  0.00166616
43.866667  0.00176155
43.883333  0.00185678
43.900000  0.00195186
43.916667  0.00204679
43.933333  0.00214156
43.950000  0.00223617
43.966667  0.00233063
43.983333  0.00242493
44.000000  0.00251908
44.016667  0.00261307
44.033333  0.00270690
44.050000  0.00280058
44.066667  0.00289410
44.083333  0.00298747
44.100000  0.00308068
44.116667  0.00317374
44.133333  0.00326664
44.150000  0.00335939
44.166667  0.00345198
44.183333  0.00354441
44.200000  0.00363669
44.216667  0.00372881
44.233333  0.00382078
44.250000  0.00391259
44.266667  0.00400424
44.283333  0.00409574
44.300000  0.00418709
44.316667  0.00427828
44.333333  0.00436931
44.350000  0.00446019
44.366667  0.00455091
44.383333  0.00464147
44.400000  0.00473188
44.416667  0.00482214
44.433333  0.00491224
44.450000  0.00500218
44.466667  0.00509197
44.483333  0.00518160
44.500000  0.00527108
44.516667  0.00536040
44.533333  0.00544956
44.550000  0.00553857
44.566667  0.00562742
44.583333  0.00571612
44.600000  0.00580467
44.616667  0.00589305
44.633333  0.00598128
44.650000  0.00606936
44.666667  0.00615728
44.683333  0.00624504
44.700000  0.00633265
44.716667  0.00642010
44.733333  0.00650740
44.750000  0.00659454
44.766667  0.00668153
44.783333  0.00676836
44.800000  0.00685503
44.816667  0.00694155
44.833333  0.00702791
44.850000  0.00711412
44.866667  0.00720017
44.883333  0.00728607
44.900000  0.00737181
44.916667  0.00745739
44.933333  0.00754282
44.950000  0.00762810
44.966667  0.00771321
44.983333  0.00779817
45.000000  0.00788298
45.016667  0.00796763
45.033333  0.00805213
45.050000  0.00813647
45.066667  0.00822065
45.083333  0.00830468
45.100000  0.00838855
45.116667  0.00847227
45.133333  0.00855583
45.150000  0.00863923
45.166667  0.00872248
45.183333  0.00880558
45.200000  0.00888852
45.216667  0.00897130
45.233333  0.00905393
45.250000  0.00913640
45.266667  0.00921871
45.283333  0.00930087
45.300000  0.00938288
45.316667  0.00946473
45.333333  0.00954642
45.350000  0.00962796
45.366667  0.00970934
45.383333  0.00979057
45.400000  0.00987164
45.416667  0.00995255
45.433333  0.01003331
45.450000  0.01011391
45.466667  0.01019436
45.483333  0.01027465
45.500000  0.01035479
45.516667  0.01043477
45.533333  0.01051460
45.550000  0.01059427
45.566667  0.01067378
45.583333  0.01075314
45.600000  0.01083234
45.616667  0.01091139
45.633333  0.01099028
45.650000  0.01106901
45.666667  0.01114759
45.683333  0.01122602
45.700000  0.01130429
45.716667  0.01138240
45.733333  0.01146036
45.750000  0.01153816
45.766667  0.01161580
45.783333  0.01169329
45.800000  0.01177063
45.816667  0.01184781
45.833333  0.01192483
45.850000  0.01200170
45.866667  0.01207841
45.883333  0.01215497
45.900000  0.01223137
45.916667  0.01230761
45.933333  0.01238370
45.950000  0.01245964
45.966667  0.01253541
45.983333  0.01261104
46.000000  0.01268650
46.016667  0.01276181
46.033333  0.01283697
46.050000  0.01291197
46.066667  0.01298681
46.083333  0.01306150
46.100000  0.01313603
46.116667  0.01321041
46.133333  0.01328463
46.150000  0.01335870
46.166667  0.01343261
46.183333  0.01350636
46.200000  0.01357996
46.216667  0.01365340
46.233333  0.01372669
46.250000  0.01379982
46.266667  0.01387280
46.283333  0.01394562
46.300000  0.01401829
46.316667  0.01409079
46.333333  0.01416315
46.350000  0.01423535
46.366667  0.01430739
46.383333  0.01437927
46.400000  0.01445100
46.416667  0.01452258
46.433333  0.01459400
46.450000  0.01466526
46.466667  0.01473637
46.483333  0.01480732
46.500000  0.01487812
46.516667  0.01494876
46.533333  0.01501925
46.550000  0.01508958
46.566667  0.01515975
46.583333  0.01522977
46.600000  0.01529963
46.616667  0.01536934
46.633333  0.01543889
46.650000  0.01550829
46.666667  0.01557753
46.683333  0.01564661
46.700000  0.01571554
46.716667  0.01578431
46.733333  0.01585293
46.750000  0.01592139
46.766667  0.01598970
46.783333  0.01605785
46.800000  0.01612584
46.816667  0.01619368
46.833333  0.01626137
46.850000  0.01632890
46.866667  0.01639627
46.883333  0.01646348
46.900000  0.01653055
46.916667  0.01659745
46.933333  0.01666420
46.950000  0.01673079
46.966667  0.01679723
46.983333  0.01686351
47.000000  0.01692964
47.016667  0.01699561
47.033333  0.01706143
47.050000  0.01712709
47.066667  0.01719259
47.083333  0.01725794
47.100000  0.01732313
47.116667  0.01738817
47.133333  0.01745305
47.150000  0.01751778
47.166667  0.01758235
47.183333  0.01764676
47.200000  0.01771102
47.216667  0.01777513
47.233333  0.01783907
47.250000  0.01790287
47.266667  0.01796650
47.283333  0.01802998
47.300000  0.01809331
47.316667  0.01815648
47.333333  0.01821949
47.350000  0.01828235
47.366667  0.01834505
47.383333  0.01840760
47.400000  0.01846999
47.416667  0.01853222
47.433333  0.01859430
47.450000  0.01865623
47.466667  0.01871800
47.483333  0.01877961
47.500000  0.01884107
47.516667  0.01890237
47.533333  0.01896351
47.550000  0.01902450
47.566667  0.01908534
47.583333  0.01914602
47.600000  0.01920654
47.616667  0.01926691
47.633333  0.01932712
47.650000  0.01938718
47.666667  0.01944708
47.683333  0.01950682
47.700000  0.01956641
47.716667  0.01962584
47.733333  0.01968512
47.750000  0.01974424
47.766667  0.01980321
47.783333  0.01986202
47.800000  0.01992068
47.816667  0.01997918
47.833333  0.02003752
47.850000  0.02009571
47.866667  0.02015374
47.883333  0.02021162
47.900000  0.02026934
47.916667  0.02032690
47.933333  0.02038431
47.950000  0.02044157
47.966667  0.02049867
47.983333  0.02055561
48.000000  0.02061240
48.016667  0.02066903
48.033333  0.02072550
48.050000  0.02078182
48.066667  0.02083799
48.083333  0.02089400
48.100000  0.02094985
48.116667  0.02100555
48.133333  0.02106109
48.150000  0.02111648
48.166667  0.02117171
48.183333  0.02122678
48.200000  0.02128170
48.216667  0.02133646
48.233333  0.02139107
48.250000  0.02144552
48.266667  0.02149982
48.283333  0.02155396
48.300000  0.02160795
48.316667  0.02166178
48.333333  0.02171545
48.350000  0.02176897
48.366667  0.02182233
48.383333  0.02187554
48.400000  0.02192859
48.416667  0.02198149
48.433333  0.02203423
48.450000  0.02208681
48.466667  0.02213924
48.483333  0.02219151
48.500000  0.02224363
48.516667  0.02229559
48.533333  0.02234740
48.550000  0.02239905
48.566667  0.02245054
48.583333  0.02250188
48.600000  0.02255306
48.616667  0.02260409
48.633333  0.02265496
48.650000  0.02270568
48.666667  0.02275624
48.683333  0.02280665
48.700000  0.02285690
48.716667  0.02290699
48.733333  0.02295693
48.750000  0.02300671
48.766667  0.02305634
48.783333  0.02310581
48.800000  0.02315512
48.816667  0.02320428
48.833333  0.02325329
48.850000  0.02330214
48.866667  0.02335083
48.883333  0.02339937
48.900000  0.02344775
48.916667  0.02349597
48.933333  0.02354404
48.950000  0.02359196
48.966667  0.02363972
48.983333  0.02368732
49.000000  0.02373477
49.016667  0.02378206
49.033333  0.02382920
49.050000  0.02387618
49.066667  0.02392300
49.083333  0.02396967
49.100000  0.02401618
49.116667  0.02406254
49.133333  0.02410874
49.150000  0.02415479
49.166667  0.02420068
49.183333  0.02424642
49.200000  0.02429200
49.216667  0.02433742
49.233333  0.02438269
49.250000  0.02442780
49.266667  0.02447276
49.283333  0.02451756
49.300000  0.02456220
49.316667  0.02460669
49.333333  0.02465103
49.350000  0.02469521
49.366667  0.02473923
49.383333  0.02478310
49.400000  0.02482681
49.416667  0.02487036
49.433333  0.02491376
49.450000  0.02495701
49.466667  0.02500010
49.483333  0.02504303
49.500000  0.02508581
49.516667  0.02512843
49.533333  0.02517090
49.550000  0.02521321
49.566667  0.02525536
49.583333  0.02529736
49.600000  0.02533921
49.616667  0.02538089
49.633333  0.02542243
49.650000  0.02546380
49.666667  0.02550502
49.683333  0.02554609
49.700000  0.02558700
49.716667  0.02562775
49.733333  0.02566835
49.750000  0.02570879
49.766667  0.02574908
49.783333  0.02578921
49.800000  0.02582919
49.816667  0.02586901
49.833333  0.02590867
49.850000  0.02594818
49.866667  0.02598753
49.883333  0.02602673
49.900000  0.02606577
49.916667  0.02610466
49.933333  0.02614339
49.950000  0.02618196
49.966667  0.02622038
49.983333  0.02625865
50.000000  0.02629675
50.016667  0.02633471
50.033333  0.02637250
50.050000  0.02641014
50.066667  0.02644763
50.083333  0.02648496
50.100000  0.02652213
50.116667  0.02655915
50.133333  0.02659601
50.150000  0.02663272
50.166667  0.02666927
50.183333  0.02670567
50.200000  0.02674191
50.216667  0.02677799
50.233333  0.02681392
50.250000  0.02684969
50.266667  0.02688531
50.283333  0.02692077
50.300000  0.02695608
50.316667  0.02699123
50.333333  0.02702622
50.350000  0.02706106
50.366667  0.02709574
50.383333  0.02713027
50.400000  0.02716464
50.416667  0.02719886
50.433333  0.02723292
50.450000  0.02726682
50.466667  0.02730057
50.483333  0.02733417
50.500000  0.02736760
50.516667  0.02740089
50.533333  0.02743401
50.550000  0.02746698
50.566667  0.02749980
50.583333  0.02753246
50.600000  0.02756496
50.616667  0.02759731
50.633333  0.02762950
50.650000  0.02766154
50.666667  0.02769342
50.683333  0.02772515
50.700000  0.02775672
50.716667  0.02778813
50.733333  0.02781939
50.750000  0.02785049
50.766667  0.02788144
50.783333  0.02791223
50.800000  0.02794287
50.816667  0.02797335
50.833333  0.02800367
50.850000  0.02803384
50.866667  0.02806386
50.883333  0.02809371
50.900000  0.02812342
50.916667  0.02815296
50.933333  0.02818235
50.950000  0.02821159
50.966667  0.02824067
50.983333  0.02826959
51.000000  0.02829836
51.016667  0.02832697
51.033333  0.02835543
51.050000  0.02838373
51.066667  0.02841187
51.083333  0.02843986
51.100000  0.02846770
51.116667  0.02849538
51.133333  0.02852290
51.150000  0.02855027
51.166667  0.02857748
51.183333  0.02860453
51.200000  0.02863143
51.216667  0.02865818
51.233333  0.02868477
51.250000  0.02871120
51.266667  0.02873748
51.283333  0.02876360
51.300000  0.02878956
51.316667  0.02881538
51.333333  0.02884103
51.350000  0.02886653
51.366667  0.02889187
51.383333  0.02891706
51.400000  0.02894209
51.416667  0.02896697
51.433333  0.02899169
51.450000  0.02901625
51.466667  0.02904066
51.483333  0.02906492
51.500000  0.02908902
51.516667  0.02911296
51.533333  0.02913675
51.550000  0.02916038
51.566667  0.02918385
51.583333  0.02920717
51.600000  0.02923034
51.616667  0.02925334
51.633333  0.02927620
51.650000  0.02929889
51.666667  0.02932144
51.683333  0.02934382
51.700000  0.02936605
51.716667  0.02938813
51.733333  0.02941005
51.750000  0.02943181
51.766667  0.02945342
51.783333  0.02947487
51.800000  0.02949616
51.816667  0.02951731
51.833333  0.02953829
51.850000  0.02955912
51.866667  0.02957979
51.883333  0.02960031
51.900000  0.02962067
51.916667  0.02964088
51.933333  0.02966093
51.950000  0.02968083
51.966667  0.02970057
51.983333  0.02972015
52.000000  0.02973958
52.016667  0.02975885
52.033333  0.02977797
52.050000  0.02979693
52.066667  0.02981573
52.083333  0.02983438
52.100000  0.02985288
52.116667  0.02987122
52.133333  0.02988940
52.150000  0.02990743
52.166667  0.02992530
52.183333  0.02994302
52.200000  0.02996058
52.216667  0.02997798
52.233333  0.02999523
52.250000  0.03001232
52.266667  0.03002926
52.283333  0.03004604
52.300000  0.03006267
52.316667  0.03007914
52.333333  0.03009546
52.350000  0.03011161
52.366667  0.03012762
52.383333  0.03014347
52.400000  0.03015916
52.416667  0.03017470
52.433333  0.03019008
52.450000  0.03020530
52.466667  0.03022037
52.483333  0.03023529
52.500000  0.03025004
52.516667  0.03026465
52.533333  0.03027909
52.550000  0.03029339
52.566667  0.03030752
52.583333  0.03032150
52.600000  0.03033533
52.616667  0.03034899
52.633333  0.03036251
52.650000  0.03037587
52.666667  0.03038907
52.683333  0.03040211
52.700000  0.03041500
52.716667  0.03042774
52.733333  0.03044032
52.750000  0.03045274
52.766667  0.03046501
52.783333  0.03047712
52.800000  0.03048908
52.816667  0.03050088
52.833333  0.03051252
52.850000  0.03052401
52.866667  0.03053535
52.883333  0.03054653
52.900000  0.03055755
52.916667  0.03056842
52.933333  0.03057913
52.950000  0.03058968
52.966667  0.03060008
52.983333  0.03061033
53.000000  0.03062041
53.016667  0.03063035
53.033333  0.03064012
53.050000  0.03064975
53.066667  0.03065921
53.083333  0.03066852
53.100000  0.03067768
53.116667  0.03068668
53.133333  0.03069552
53.150000  0.03070421
53.166667  0.03071274
53.183333  0.03072112
53.200000  0.03072934
53.216667  0.03073740
53.233333  0.03074531
53.250000  0.03075306
53.266667  0.03076066
53.283333  0.03076810
53.300000  0.03077539
53.316667  0.03078252
53.333333  0.03078950
53.350000  0.03079632
53.366667  0.03080298
53.383333  0.03080949
53.400000  0.03081584
53.416667  0.03082204
53.433333  0.03082808
53.450000  0.03083397
53.466667  0.03083970
53.483333  0.03084527
53.500000  0.03085069
53.516667  0.03085595
53.533333  0.03086106
53.550000  0.03086601
53.566667  0.03087081
53.583333  0.03087545
53.600000  0.03087993
53.616667  0.03088426
53.633333  0.03088843
53.650000  0.03089245
53.666667  0.03089631
53.683333  0.03090002
53.700000  0.03090357
53.716667  0.03090697
53.733333  0.03091021
53.750000  0.03091329
53.766667  0.03091622
53.783333  0.03091899
53.800000  0.03092161
53.816667  0.03092407
53.833333  0.03092637
53.850000  0.03092852
53.866667  0.03093052
53.883333  0.03093236
53.900000  0.03093404
53.916667  0.03093557
53.933333  0.03093694
53.950000  0.03093815
53.966667  0.03093921
53.983333  0.03094012
54.000000  0.03094087
54.016667  0.03094146
54.033333  0.03094190
54.050000  0.03094218
54.066667  0.03094231
54.083333  0.03094228
54.100000  0.03094209
54.116667  0.03094175
54.133333  0.03094125
54.150000  0.03094060
54.166667  0.03093979
54.183333  0.03093883
54.200000  0.03093771
54.216667  0.03093644
54.233333  0.03093501
54.250000  0.03093342
54.266667  0.03093168
54.283333  0.03092978
54.300000  0.03092773
54.316667  0.03092552
54.333333  0.03092316
54.350000  0.03092064
54.366667  0.03091796
54.383333  0.03091513
54.400000  0.03091214
54.416667  0.03090900
54.433333  0.03090570
54.450000  0.03090225
54.466667  0.03089864
54.483333  0.03089487
54.500000  0.03089095
54.516667  0.03088687
54.533333  0.03088264
54.550000  0.03087825
54.566667  0.03087371
54.583333  0.03086901
54.600000  0.03086415
54.616667  0.03085914
54.633333  0.03085398
54.650000  0.03084866
54.666667  0.03084318
54.683333  0.03083754
54.700000  0.03083176
54.716667  0.03082581
54.733333  0.03081971
54.750000  0.03081346
54.766667  0.03080704
54.783333  0.03080048
54.800000  0.03079375
54.816667  0.03078687
54.833333  0.03077984
54.850000  0.03077265
54.866667  0.03076530
54.883333  0.03075780
54.900000  0.03075015
54.916667  0.03074233
54.933333  0.03073437
54.950000  0.03072624
54.966667  0.03071796
54.983333  0.03070953
55.000000  0.03070094
55.016667  0.03069219
55.033333  0.03068329
55.050000  0.03067423
55.066667  0.03066502
55.083333  0.03065565
55.100000  0.03064612
55.116667  0.03063644
55.133333  0.03062661
55.150000  0.03061661
55.166667  0.03060647
55.183333  0.03059616
55.200000  0.03058570
55.216667  0.03057509
55.233333  0.03056432
55.250000  0.03055339
55.266667  0.03054231
55.283333  0.03053108
55.300000  0.03051968
55.316667  0.03050813
55.333333  0.03049643
55.350000  0.03048457
55.366667  0.03047255
55.383333  0.03046038
55.400000  0.03044806
55.416667  0.03043557
55.433333  0.03042294
55.450000  0.03041014
55.466667  0.03039719
55.483333  0.03038409
55.500000  0.03037083
55.516667  0.03035741
55.533333  0.03034384
55.550000  0.03033011
55.566667  0.03031623
55.583333  0.03030219
55.600000  0.03028799
55.616667  0.03027364
55.633333  0.03025914
55.650000  0.03024448
55.666667  0.03022966
55.683333  0.03021469
55.700000  0.03019956
55.716667  0.03018427
55.733333  0.03016883
55.750000  0.03015324
55.766667  0.03013749
55.783333  0.03012158
55.800000  0.03010552
55.816667  0.03008930
55.833333  0.03007292
55.850000  0.03005639
55.866667  0.03003971
55.883333  0.03002287
55.900000  0.03000587
55.916667  0.02998872
55.933333  0.02997141
55.950000  0.02995395
55.966667  0.02993633
55.983333  0.02991855
56.000000  0.02990062
56.016667  0.02988254
56.033333  0.02986429
56.050000  0.02984590
56.066667  0.02982734
56.083333  0.02980863
56.100000  0.02978977
56.116667  0.02977075
56.133333  0.02975157
56.150000  0.02973224
56.166667  0.02971275
56.183333  0.02969311
56.200000  0.02967331
56.216667  0.02965336
56.233333  0.02963325
56.250000  0.02961298
56.266667  0.02959256
56.283333  0.02957199
56.300000  0.02955125
56.316667  0.02953036
56.333333  0.02950932
56.350000  0.02948812
56.366667  0.02946677
56.383333  0.02944525
56.400000  0.02942359
56.416667  0.02940177
56.433333  0.02937979
56.450000  0.02935765
56.466667  0.02933537
56.483333  0.02931292
56.500000  0.02929032
56.516667  0.02926756
56.533333  0.02924465
56.550000  0.02922159
56.566667  0.02919836
56.583333  0.02917498
56.600000  0.02915145
56.616667  0.02912776
56.633333  0.02910391
56.650000  0.02907991
56.666667  0.02905575
56.683333  0.02903144
56.700000  0.02900697
56.716667  0.02898235
56.733333  0.02895757
56.750000  0.02893263
56.766667  0.02890754
56.783333  0.02888230
56.800000  0.02885689
56.816667  0.02883134
56.833333  0.02880562
56.850000  0.02877975
56.866667  0.02875373
56.883333  0.02872755
56.900000  0.02870121
56.916667  0.02867472
56.933333  0.02864807
56.950000  0.02862127
56.966667  0.02859431
56.983333  0.02856719
57.000000  0.02853992
57.016667  0.02851250
57.033333  0.02848492
57.050000  0.02845718
57.066667  0.02842929
57.083333  0.02840124
57.100000  0.02837303
57.116667  0.02834467
57.133333  0.02831616
57.150000  0.02828749
57.166667  0.02825866
57.183333  0.02822968
57.200000  0.02820054
57.216667  0.02817124
57.233333  0.02814179
57.250000  0.02811219
57.266667  0.02808243
57.283333  0.02805251
57.300000  0.02802244
57.316667  0.02799221
57.333333  0.02796183
57.350000  0.02793129
57.366667  0.02790059
57.383333  0.02786974
57.400000  0.02783874
57.416667  0.02780757
57.433333  0.02777626
57.450000  0.02774478
57.466667  0.02771316
57.483333  0.02768137
57.500000  0.02764943
57.516667  0.02761733
57.533333  0.02758508
57.550000  0.02755268
57.566667  0.02752011
57.583333  0.02748739
57.600000  0.02745452
57.616667  0.02742149
57.633333  0.02738830
57.650000  0.02735496
57.666667  0.02732147
57.683333  0.02728781
57.700000  0.02725401
57.716667  0.02722004
57.733333  0.02718592
57.750000  0.02715165
57.766667  0.02711722
57.783333  0.02708263
57.800000  0.02704789
57.816667  0.02701299
57.833333  0.02697794
57.850000  0.02694273
57.866667  0.02690736
57.883333  0.02687184
57.900000  0.02683617
57.916667  0.02680034
57.933333  0.02676435
57.950000  0.02672820
57.966667  0.02669191
57.983333  0.02665545
58.000000  0.02661884
58.016667  0.02658208
58.033333  0.02654515
58.050000  0.02650808
58.066667  0.02647084
58.083333  0.02643346
58.100000  0.02639591
58.116667  0.02635821
58.133333  0.02632036
58.150000  0.02628235
58.166667  0.02624418
58.183333  0.02620586
58.200000  0.02616738
58.216667  0.02612875
58.233333  0.02608996
58.250000  0.02605101
58.266667  0.02601191
58.283333  0.02597265
58.300000  0.02593324
58.316667  0.02589367
58.333333  0.02585395
58.350000  0.02581407
58.366667  0.02577404
58.383333  0.02573385
58.400000  0.02569350
58.416667  0.02565300
58.433333  0.02561234
58.450000  0.02557153
58.466667  0.02553056
58.483333  0.02548944
58.500000  0.02544816
58.516667  0.02540672
58.533333  0.02536513
58.550000  0.02532338
58.566667  0.02528148
58.583333  0.02523942
58.600000  0.02519721
58.616667  0.02515484
58.633333  0.02511231
58.650000  0.02506963
58.666667  0.02502680
58.683333  0.02498380
58.700000  0.02494066
58.716667  0.02489735
58.733333  0.02485389
58.750000  0.02481028
58.766667  0.02476651
58.783333  0.02472258
58.800000  0.02467850
58.816667  0.02463426
58.833333  0.02458987
58.850000  0.02454532
58.866667  0.02450062
58.883333  0.02445576
58.900000  0.02441074
58.916667  0.02436557
58.933333  0.02432024
58.950000  0.02427476
58.966667  0.02422912
58.983333  0.02418333
59.000000  0.02413738
59.016667  0.02409127
59.033333  0.02404501
59.050000  0.02399859
59.066667  0.02395202
59.083333  0.02390529
59.100000  0.02385841
59.116667  0.02381137
59.133333  0.02376417
59.150000  0.02371682
59.166667  0.02366932
59.183333  0.02362165
59.200000  0.02357384
59.216667  0.02352586
59.233333  0.02347773
59.250000  0.02342945
59.266667  0.02338101
59.283333  0.02333241
59.300000  0.02328366
59.316667  0.02323475
59.333333  0.02318569
59.350000  0.02313647
59.366667  0.02308710
59.383333  0.02303757
59.400000  0.02298788
59.416667  0.02293804
59.433333  0.02288804
59.450000  0.02283789
59.466667  0.02278758
59.483333  0.02273712
59.500000  0.02268650
59.516667  0.02263572
59.533333  0.02258479
59.550000  0.02253371
59.566667  0.02248246
59.583333  0.02243107
59.600000  0.02237951
59.616667  0.02232780
59.633333  0.02227594
59.650000  0.02222392
59.666667  0.02217174
59.683333  0.02211941
59.700000  0.02206692
59.716667  0.02201428
59.733333  0.02196148
59.750000  0.02190852
59.766667  0.02185541
59.783333  0.02180215
59.800000  0.02174873
59.816667  0.02169515
59.833333  0.02164142
59.850000  0.02158753
59.866667  0.02153348
59.883333  0.02147928
59.900000  0.02142493
59.916667  0.02137042
59.933333  0.02131575
59.950000  0.02126093
59.966667  0.02120595
59.983333  0.02115082
